7439350
20833718
322919998
647967550
257717138
95908204
210535071
270077285
383712536
501246199
577603256
11929968
83771922
87194888
158633353
19272187
35327580
50163319
53245366
446694193
617292394
646341097
646704197
646814831
659785541
659964452
16377325
18698868
120585965
359068136
371139218
426729099
606294010
28935771
29790969
46325406
133686087
213021944
373594585
660349466
8574182
29797299
636788595
1213008
26839673
40504008
54208294
56016882
303680921
445473661
522362065
658293436
624941
12576592
70681568
520272272
658226349
7377615
37481171
136886933
383059828
575694265
587422862
641804562
603493
12812716
34320531
40325397
49393784
103977634
136308956
168024785
207789576
219493114
228126104
341536312
593674078
530215212
26779353
107862779
182689002
325362399
374860785
25092061
55399358
145642780
224141469
287913534
319861412
483448412
607882315
367893211
503259887
832329
53067339
286232261
475331057
34235421
132912401
203306573
340454086
660579398
109068321
131667908
238350743
531885155
575703946
659375013
833728
38603963
82422390
86842688
140994922
1455584
17536152
426717025
624236936
21401198
251774028
542175746
276919033
337063724
10336316
189806971
273246472
422475694
13012819
63713126
80524251
144040972
289940518
27289121
27309182
37253874
42123047
95353065
95392550
98598635
134776620
204693922
207375624
244488657
361331163
8709353
193064664
375251100
64139822
146754263
229647389
273508130
5821079
194033287
596154050
652310221
19489
435493631
12499751
81917279
158767167
271319282
328242198
34364224
47290657
56568207
70025456
285938597
346375225
26441702
134892132
267995617
285307102
388165133
408184041
1874854
121508498
319796922
377435100
520166254
534379296
620742196
8155148
72841735
8175535
9208100
59988030
75279750
328980186
415675871
16964643
91402829
187825850
433857596
45934304
139379604
141176354
2955064
145050373
512960748
598744794
3038346
222311152
37253874
241901672
344390610
138163974
368563668
132626677
39420777
187008952
196497996
502658834
95984636
264416222
169585478
345976429
415793259
52209656
122529293
255491616
383411912
16964643
17064681
57605656
76967577
88607342
395048608
404452513
204566
134082392
1985816
16750553
21165236
129186789
134603325
136384476
307976295
606092261
348745
10801928
138883740
270596147
521099197
575382846
586979191
4944281
5628005
630145774
297491981
45007819
176912661
77240657
20183233
103172572
123930699
180222023
273367197
295791165
196513004
29064047
153856846
400303831
419540042
3473508
204551856
250959892
406040716
481653104
92098019
331518925
471096810
91402829
218145785
259387896
131757648
92439331
96997371
134082392
146216542
23719247
161874676
574019152
118466291
255940081
454087609
464440056
132397479
145731072
325742562
366797017
42165672
275209524
261047542
123877
169649781
441476030
541104505
115382961
494416013
140123772
432225365
507589244
125159437
231699071
424173724
187710271
431918534
146421841
581076037
735260
1012306
1297496
1913182
2351675
2479588
2667447
2898069
3592255
3616630
3932056
3939110
4588796
4679427
5014660
10608748
11258899
11364763
13584882
14247635
17008824
20161010
22097111
24434176
25581523
29808608
30920418
32586394
33782190
35346573
38089153
42633543
46205026
53466444
63530686
69260239
77674670
78782454
85567300
88932773
91012331
96957671
107907745
110872412
120205199
122898585
123878824
134603325
136530670
138037315
141768074
147063213
151739424
154850514
157047595
166444630
170705035
174862443
175500751
237029880
337880388
597750403
32370066
222949904
571930564
50003453
493493221
3290471
570786365
431513568
645957268
646341097
646704197
646814831
26801591
70975994
212853917
54041147
12523736
17912357
98420258
147991186
349104730
135487600
487174759
520065025
24867178
98770155
132701131
167369337
89025474
237352373
263334471
4132316
1979294
4014825
16738856
23411653
31451730
107522857
130281700
182183027
228070913
379036024
401038083
419821444
491199751
512678803
551861881
565240540
579816795
588433297
632384469
636460576
657416504
17372610
136455355
147381404
235490291
291717344
303234179
340231053
405704183
455537632
658029233
658185130
18677686
50296089
68026669
88447578
190242004
244116940
247159113
253336521
295594154
321192835
329307766
370647453
418174376
434347206
436781111
532659770
546219054
27783017
63600308
192598719
207512770
241207903
268694679
282609044
283703472
372824827
407974123
443874083
541104825
546213948
5842519
6790896
92892680
100403077
140060233
178659122
496582291
638316187
28624183
35848015
51811282
83131509
142923138
181465914
205124205
263199263
271341686
299892207
316820581
398188948
491342380
521222901
562681388
567201142
569917476
595362409
598320329
651938743
24618314
72254398
93437329
127371221
129304252
205315440
589926596
616151
3191058
12960408
37204821
49033371
75431468
93025413
127498065
160199924
207977383
231970541
238300873
241975972
289073283
289211475
341806304
396633831
431778444
452909253
460239456
554150116
581908583
629049558
652177708
4474878
20248387
29851078
66395238
66787880
73863205
96101724
110373205
213287910
401303640
416193855
424851181
546134505
574719359
608246222
616134572
627969027
650535130
651143266
651524717
13094373
23507996
42152756
151531360
191664447
248326894
255074611
310189301
348346012
359392034
446252384
571507373
616955883
4889248
7606536
39046892
68751041
102941194
110074527
232015294
357048473
430599896
473819198
620126893
623543764
37622974
58614536
89684985
175577579
233104726
263307140
307692336
396780739
452357240
531941265
658281439
3340390
20721749
87985705
134957513
142334683
233436993
427638595
462675188
646057803
45625597
142807763
151855397
155924538
162570777
185232428
202308962
244390914
517256028
548729062
565307040
572501684
649526497
27727403
152504168
154402076
293855839
659929517
660499767
2604599
3862574
34120847
39623744
71495203
89667467
89704247
187647069
189375824
229328830
242143687
296991338
305649193
361650241
410466762
413228676
451117734
464780859
550874688
6411579
16968835
37611934
137281878
144654519
152849076
202560706
215564372
218402933
254273133
366098014
386095075
427151752
470792195
556852199
661346664
4039550
4512062
10207124
32380893
38499924
55453440
56702823
123268534
137435844
172479841
178705868
438304797
16678340
22368450
29549356
47355444
50402918
65338427
94729886
131510067
145238327
147728408
161337930
166021547
192442219
193584183
197933567
199228932
240810227
247312118
256164836
276641795
312256603
328725011
358473683
451633408
500182443
519394428
534371994
604767186
611109202
616417680
649504970
652405359
6912544
131935611
247166443
610532817
132175441
184671076
282458082
8058457
27690326
137121104
144726982
601142515
1265052
13432952
309122183
408687976
565826424
131869283
151740257
262290302
423982232
565240540
617537894
56835830
211901167
29024038
107207382
137668143
141419754
229660736
315413644
361033155
381589801
58727520
66957444
508412240
137143057
319977790
413628398
4038744
5861924
11737338
15810534
17630759
18412750
23437197
92618540
104086418
164216168
200178596
331260869
392753205
417149095
482213945
11286213
225193960
318610506
445185585
496020495
565307040
580249461
2352377
262947210
404348518
13151128
18354716
20589398
51701052
122246389
137124556
292943340
355176439
241270130
4567137
5264230
24498405
37622974
86353625
133379263
139552207
146503628
178376129
184725322
205574170
246236229
378660247
422868034
500473317
599450646
30385669
62174326
265996667
273775796
409620834
413341441
479170740
565307040
581908583
530610371
577211
17221178
18014383
20646394
41285419
268738888
302871551
318168802
548173039
176643325
192082507
209919044
212417550
230478660
231776739
236461501
237355527
239785264
264863641
273155515
279123692
306913630
307976295
318310030
324571379
336288589
405526710
419014174
458120591
466839045
476349954
501563879
538742128
543932964
550241971
559874955
582506516
603370695
630879915
633112340
637245659
65637
1993425
2654494
5587975
6726316
29913731
46922583
54125831
58233425
82571792
92536585
116815738
145225344
162812038
165687579
181652217
240630203
265840127
296638407
301059355
325577099
361263845
375099170
442805497
460527330
579535817
647166517
70022
563453
1174474
1820702
2368015
4787361
6793296
13205782
14099951
21771004
21905391
26935579
28757966
29465232
50123183
50350880
64815412
68227896
72321250
87602878
129571252
132752952
134460193
172475657
173017256
175418833
221324322
292870020
369541677
369638347
372190128
387164393
406040716
439499513
468401335
472235133
488579114
543692177
556291359
626802772
1047772
4308794
4769920
7796614
17843812
21134986
22169038
25386755
25879232
32598693
134189115
164277979
181302205
206103980
224551402
249656272
318533047
324832264
353294558
404592185
426471358
484189000
507609659
596608030
638503317
46689926
586433527
27999382
150537330
73626742
550465005
578116357
631487665
42700074
505085099
552252450
174842
17943981
226993534
233233982
266354552
467044547
218535620
272237003
392627009
4621529
6287886
37840974
42356819
111026830
193594803
275858346
331518925
350879462
501885375
58058828
105571222
137865428
159981176
175221043
219798015
319612382
615795437
7461586
33782997
117955366
96426913
241738910
507627348
80930475
96997371
168468941
269110288
373154732
598357866
52795712
134082392
212761438
508023686
547483833
642477771
536039381
3543498
66050330
392567792
30236767
50051139
136896416
154697979
295713899
484100545
19772218
153588397
282462959
367803174
539068456
476093908
1956420
13805835
34521684
99644769
435012536
444222043
4533984
82595434
125159437
141524280
146002610
149644778
162695895
179723119
199447634
259970870
269703544
272368878
276483555
300901289
319962563
381847794
382415863
417235864
420552385
422301089
437393578
445172120
482677855
569676331
638305119
4072487
33964790
41852706
44922049
48286622
60367086
100854759
166620904
173469953
189229481
199104889
325295582
343645074
344426890
355447616
407328556
470009092
491774973
587085120
2260763
8235304
12295734
32227449
35304568
50851748
175500038
239102955
292166052
313386814
315848282
376117043
526388744
634536736
4146559
38587273
44495743
151751458
424607861
525521996
657918392
7070473
258614646
326240237
581915895
658080033
155200445
475682685
650914994
10157596
198859674
658461961
402881793
514950045
565180122
654473132
658754602
67316113
466614370
658908750
332681221
21550026
652849575
56720292
141156393
159987282
198077918
545626861
151559559
488579114
608813879
156874885
190550687
12357370
337492646
340336948
537975761
601278072
80129590
217538984
436678649
9668591
625903747
629683678
158114585
292461605
308908606
630726282
650007881
23348067
21312063
205320350
221726128
310425070
569335955
32908282
280295187
242203231
9400640
301233123
38037591
35948639
471062830
82558583
56139740
33935069
39376476
145265584
561602370
398076715
209077103
4741934
493638638
140668175
185595224
11436600
37864996
139368682
144811060
357677564
26850260
27338379
292225574
352240968
226463503
540592458
637952607
4934922
6066562
6759228
9339207
16909434
37621787
38020460
43623882
48581011
59472853
77676519
106325711
131577323
134817595
194531916
244935312
270471881
301682167
319782187
422923247
461056526
517099458
540592458
561602370
573634152
584959443
613607097
641952099
646344181
1320122
4200340
9400640
17217443
20423400
52088366
56452968
92527823
118624649
208111759
264143006
348774339
400315076
611591015
3983607
14754577
18892713
19773685
20413658
37789484
41765883
50064406
50657884
82558583
128212785
185570170
185595224
188001499
293071875
361576167
493638638
562164908
614735916
624564505
629992700
8400690
32756920
138772820
139947926
144104544
151166464
155514212
167776335
169671417
240046741
249939134
311214227
312155412
471062830
561912499
629989251
7769223
13550119
145265584
161686384
184507203
294694663
325249277
328961668
472461866
187089
8295978
14665728
53235114
171689442
552242354
581334458
5177049
6502932
55411921
72125301
134425085
140229208
144260015
156487209
171379505
184566416
223663093
370744001
398346311
439952668
487317897
585276386
686021
28394136
37864544
50738020
55797067
107633681
135845801
143400231
154264250
154900399
170666707
317611460
367809475
406431083
464994986
593643576
614328300
629393099
11511539
11470337
26431599
35728403
55184647
118892033
266327383
306061005
345884532
383450574
606665862
17946317
19411820
59559034
103020988
275282730
315842336
344774385
573918325
204794600
226634084
304094327
64161572
17939558
22111165
32908282
59562051
88332081
185441124
237555176
305091091
336438295
367628493
517947178
19527445
175850295
176178102
197856858
365985899
560674346
31164625
70198947
91732811
451760527
478052427
597933041
2892971
12896489
252736997
482981986
554871008
579923661
2987853
145092898
163479067
172335022
378657193
83771922
87194888
158633353
276919033
337063724
10336316
189806971
273246472
422475694
13012819
63713126
80524251
144040972
289940518
27289121
27309182
37253874
42123047
95353065
95392550
98598635
134776620
204693922
207375624
244488657
361331163
8709353
193064664
375251100
64139822
146754263
229647389
273508130
5821079
194033287
596154050
652310221
19489
435493631
12499751
81917279
158767167
271319282
328242198
34364224
47290657
56568207
70025456
285938597
346375225
26441702
134892132
267995617
285307102
388165133
408184041
1874854
121508498
319796922
377435100
520166254
534379296
620742196
8155148
72841735
8175535
9208100
59988030
75279750
328980186
415675871
16964643
91402829
187825850
433857596
5834247
6114799
2019122
11961960
29187259
53885818
84763644
85537837
113921998
133906125
144630416
419143326
150758054
183605320
422475694
521923375
595166015
658729731
157248357
190351924
658882498
90093350
326527610
435493631
470592662
568323160
658901403
658902595
197100222
269986842
311172551
263078603
492154559
659079260
659086082
659137748
159839239
329877192
536902126
608813879
637148038
659194123
659194553
659194559
659197982
659198603
423356716
522059793
637581849
185747719
642624670
60918658
251581357
489323314
658362404
300848639
74279119
320582677
375192571
653579270
80745633
174944096
189112545
210549690
321502738
534379296
659716830
69986624
386459283
659731602
19287598
218219021
9400640
301233123
38037591
35948639
471062830
82558583
56139740
33935069
39376476
145265584
561602370
398076715
209077103
4741934
493638638
140668175
185595224
11436600
37864996
139368682
144811060
357677564
26850260
27338379
292225574
352240968
226463503
540592458
637952607
466058279
624296
1219337
154900399
325618765
503750112
7769223
13550119
145265584
161686384
184507203
294694663
325249277
328961668
472461866
187089
8295978
14665728
53235114
171689442
552242354
581334458
5177049
6502932
55411921
72125301
134425085
140229208
144260015
156487209
171379505
184566416
223663093
370744001
398346311
439952668
487317897
585276386
686021
28394136
37864544
50738020
55797067
107633681
135845801
143400231
154264250
154900399
170666707
317611460
367809475
406431083
464994986
593643576
614328300
629393099
11511539
11470337
26431599
35728403
55184647
118892033
266327383
306061005
345884532
383450574
606665862
17946317
19411820
59559034
103020988
275282730
315842336
344774385
573918325
204794600
226634084
304094327
64161572
17939558
22111165
32908282
59562051
88332081
185441124
237555176
305091091
336438295
367628493
517947178
19527445
175850295
176178102
197856858
365985899
560674346
31164625
70198947
91732811
451760527
478052427
597933041
2892971
12896489
252736997
482981986
554871008
579923661
2987853
145092898
163479067
172335022
378657193
71215934
326369204
2691029
20372317
166403081
110812748
152742257
297469852
637426124
659104873
1470816
15287083
95432666
125924818
134909149
215549949
292461605
469980281
599871371
3681589
75163330
82256603
131555503
143919145
183380565
185474720
391110563
633148783
23635810
112645008
153794945
217127184
3976891
4935576
30137805
76289768
146231717
167946751
172963484
187302476
316676150
445983364
2290396
4146032
6477601
25470889
38160461
46379051
212464609
346926064
4603213
122934314
249966440
97530960
184257938
289638622
307550590
551198842
658508035
659902905
163645750
170963361
284681583
561985903
658266114
132867609
165821837
231914012
9060525
59296784
70202798
138361703
180955766
426783774
659405366
4753296
6725301
7506256
24515013
122086671
154573912
497862795
6271162
17289154
402885976
503149630
659403811
66409625
278978790
596604531
645957268
647659667
648067035
650796310
657416504
60325324
70615204
94437730
94859212
152090105
19272187
35327580
50163319
53245366
446694193
617292394
646341097
646704197
646814831
659785541
659964452
16377325
18698868
7546246
22202210
471270633
63222802
297796975
1371012
1633986
258740369
271587922
311514265
391110563
16964643
344430279
157527093
621320167
41642286
102423545
152155430
523190609
181141064
502282549
322089749
97530960
490448706
4935576
135137675
96743679
2208087
82738346
152789647
380061735
19759718
419962281
237029880
337880388
597750403
